LEBANESE LOTO 6/42 - DRAW RESULTS
2025-01-01 through 2026-08-06

160 draws. Source: yelleb.com archive (unofficial).
The BONUS column is the complementary (7th) ball.

====================================================
DATE         DAY   NUMBERS                BONUS
====================================================
--- 2025 ---
2025-01-02   Thu    5  6 18 22 23 32         15
2025-01-06   Mon    7 13 22 26 32 35         21
2025-01-09   Thu    5  7 14 24 26 37         29
2025-01-13   Mon    4  8 18 32 34 35         23
2025-01-16   Thu    6  8 10 12 18 34         33
2025-01-20   Mon   13 14 19 24 37 39         12
2025-01-23   Thu   11 18 26 31 34 38          3
2025-01-27   Mon    5 14 16 18 35 40         23
2025-01-30   Thu    7 13 20 24 36 41         35
2025-02-03   Mon    1  5 18 22 26 32          8
2025-02-06   Thu    3 12 28 29 35 38         10
2025-02-10   Mon    5  8 12 24 27 29          6
2025-02-13   Thu    3  7 17 25 26 36         23
2025-02-17   Mon   12 14 21 23 29 36          8
2025-02-20   Thu    8 13 14 22 29 35         25
2025-02-24   Mon    6 22 26 30 37 41          5
2025-02-27   Thu    3 15 23 25 35 39         16
2025-03-03   Mon   12 16 17 19 24 35         29
2025-03-06   Thu    5 14 19 24 32 35         27
2025-03-10   Mon    2  9 24 34 35 36          5
2025-03-13   Thu    1  3 14 19 27 33         12
2025-03-17   Mon    3 16 25 29 34 39         32
2025-03-20   Thu    5  8 13 28 33 35          2
2025-03-24   Mon    1 14 23 26 38 42          7
2025-03-27   Thu    3  4  6 18 31 33         14
2025-03-31   Mon   11 12 13 21 35 39         30
2025-04-03   Thu    6  7 12 25 32 40         38
2025-04-07   Mon    6 12 17 20 33 41         10
2025-04-10   Thu    4 12 26 32 33 35          9
2025-04-14   Mon    7  9 11 15 29 33         27
2025-04-17   Thu    5 10 19 20 32 42         18
2025-04-22   Tue    5  7 23 26 36 37         28
2025-04-24   Thu    2 21 24 25 26 27          8
2025-04-28   Mon   23 30 32 33 37 40         41
2025-05-01   Thu    2  4  6 13 23 39         33
2025-05-05   Mon    2  8 13 19 28 35         26
2025-05-08   Thu    3  8 17 27 29 41         16
2025-05-12   Mon    2  4 17 33 34 35         32
2025-05-15   Thu   24 28 34 38 39 42         29
2025-05-19   Mon    3  5 22 27 34 42         16
2025-05-22   Thu    3 11 15 28 34 35         40
2025-05-26   Mon    5 13 24 28 32 36         11
2025-05-29   Thu   14 25 29 31 32 41         42
2025-06-02   Mon    7  9 17 19 25 35         26
2025-06-05   Thu    5  7 10 12 13 31         22
2025-06-09   Mon   20 23 28 33 35 40          4
2025-06-12   Thu    2  7 10 13 21 28         17
2025-06-16   Mon    7 13 16 17 20 35         19
2025-06-19   Thu    4 31 32 35 36 42         15
2025-06-23   Mon   14 16 18 21 30 39         20
2025-06-26   Thu    3 13 25 36 37 41         15
2025-06-30   Mon    3  5  6 13 33 35          7
2025-07-03   Thu    4  8 19 31 36 39         22
2025-07-07   Mon    9 13 15 26 28 31          5
2025-07-10   Thu    7 14 16 30 31 32          1
2025-07-14   Mon    1  8 16 36 37 40          4
2025-07-17   Thu   12 16 19 29 30 38         41
2025-07-21   Mon    4 16 30 32 41 42          2
2025-07-24   Thu    3  7 19 20 23 37         11
2025-07-28   Mon    3  9 20 25 33 35         27
2025-07-31   Thu    6  8 10 12 27 40          1
2025-08-04   Mon    6 12 15 16 26 33         41
2025-08-07   Thu    1  4  7 12 16 22         10
2025-08-11   Mon    5 16 24 29 32 41         12
2025-08-14   Thu    5 13 17 19 23 25         15
2025-08-18   Mon   10 30 36 37 39 41          8
2025-08-21   Thu    1 10 21 26 37 40         29
2025-08-25   Mon    1 12 18 20 22 41         38
2025-08-28   Thu    4  7 10 16 36 39         28
2025-09-01   Mon    5  7 15 17 35 38         34
2025-09-04   Thu    1  6  8 30 40 42         17
2025-09-08   Mon   17 20 22 35 36 41         42
2025-09-22   Mon    7 10 17 24 26 31         33
2025-09-25   Thu   12 15 17 27 31 32         39
2025-09-29   Mon    3  4 15 25 28 37         12
2025-10-02   Thu    3 10 25 31 37 42         16
2025-10-06   Mon   17 24 25 30 34 39         38
2025-10-09   Thu    2  3 16 19 37 38         22
2025-10-13   Mon    4  6  7 10 20 35         24
2025-10-16   Thu    1  7 22 29 35 39         13
2025-10-20   Mon    4 12 29 30 31 41         33
2025-10-23   Thu   11 22 26 28 35 40         27
2025-10-27   Mon    4 13 25 26 33 35         32
2025-10-30   Thu   10 16 17 20 27 41          3
2025-11-03   Mon    1  5 15 20 23 32         18
2025-11-06   Thu    6  8 20 25 34 41         32
2025-11-10   Mon    6  9 14 22 31 40         17
2025-11-13   Thu    8 17 18 30 39 42         19
2025-11-17   Mon   10 12 18 23 24 35         41
2025-11-20   Thu    3 12 24 30 33 40          4
2025-11-24   Mon    8 17 21 29 30 38         33
2025-11-27   Thu    1  4 16 20 34 35         33
2025-12-01   Mon    6 12 16 17 22 39         29
2025-12-04   Thu    1  2  7 13 24 29         11
2025-12-08   Mon    5 13 18 19 36 39         32
2025-12-11   Thu    9 11 12 14 22 40         15
2025-12-15   Mon   16 18 30 31 32 35          2
2025-12-18   Thu   26 27 28 38 39 40         20
2025-12-22   Mon    6  9 14 17 34 35         21
2025-12-25   Thu    2  5 21 27 38 40         20
2025-12-29   Mon   11 17 18 19 29 32         20

--- 2026 ---
2026-01-01   Thu    5  7 11 16 26 40         37
2026-01-05   Mon    2  9 26 33 36 41          7
2026-01-08   Thu   15 17 19 24 28 33         37
2026-01-12   Mon    9 10 11 19 31 33         24
2026-01-15   Thu    1 20 27 29 31 37          4
2026-01-19   Mon   10 20 21 23 24 37         25
2026-01-22   Thu    4 17 20 22 39 41         33
2026-01-26   Mon    4 24 25 32 34 40          6
2026-01-29   Thu    4 11 19 21 29 30         33
2026-02-02   Mon    1 16 17 27 29 32         34
2026-02-05   Thu    1 10 18 25 29 37         35
2026-02-09   Mon    5  9 21 27 28 29         33
2026-02-12   Thu   15 17 23 24 35 38          2
2026-02-16   Mon   10 22 27 28 30 33          4
2026-02-19   Thu   13 18 23 26 29 35         37
2026-02-23   Mon    7 17 18 20 22 31         34
2026-02-26   Thu    4 23 25 27 36 38         32
2026-03-09   Mon    9 10 13 22 23 31         33
2026-03-16   Mon    6 14 16 17 21 28         42
2026-03-19   Thu    7 16 17 20 24 30         36
2026-03-23   Mon    5 20 22 29 38 42         34
2026-03-26   Thu   11 20 23 37 40 41          8
2026-03-30   Mon    5  7  8 21 27 41         39
2026-04-02   Thu    1 10 16 21 24 29         34
2026-04-07   Tue    4 14 16 29 30 39         37
2026-04-14   Tue    3  6 13 36 38 42         26
2026-04-16   Thu    4 10 13 16 35 39         41
2026-04-20   Mon   15 18 22 24 29 35         20
2026-04-23   Thu    5  8 12 13 40 42         14
2026-04-27   Mon    5 15 32 33 35 38         12
2026-04-30   Thu    4 10 20 27 29 30         18
2026-05-04   Mon    4  7  8 12 21 30          6
2026-05-07   Thu   13 20 22 23 26 36          3
2026-05-11   Mon    4 10 19 32 39 41         15
2026-05-14   Thu    8 10 24 27 31 40          9
2026-05-18   Mon   11 12 15 16 35 36         31
2026-05-21   Thu   11 16 19 26 30 41         37
2026-05-25   Mon    1  2  6  7 39 42          4
2026-05-28   Thu   12 17 18 30 35 37         13
2026-06-01   Mon   14 18 19 21 26 27         28
2026-06-04   Thu    3  4 18 19 29 30         39
2026-06-08   Mon   11 13 18 26 27 28         24
2026-06-11   Thu    8 11 21 25 38 42          3
2026-06-15   Mon    2  3  7 11 16 27          8
2026-06-18   Thu    9 10 12 14 19 23         35
2026-06-22   Mon   15 18 30 32 34 41         31
2026-06-25   Thu    3  8 12 29 30 42         32
2026-06-29   Mon    2  4  8 10 25 32         20
2026-07-02   Thu   11 15 25 27 34 35         22
2026-07-06   Mon    9 25 28 29 31 40         20
2026-07-09   Thu   22 25 26 32 36 41         27
2026-07-13   Mon    2  7 16 19 32 34         28
2026-07-16   Thu   32 33 37 38 40 42         19
2026-07-20   Mon    6 11 14 19 22 27         33
2026-07-23   Thu    6  8 12 28 36 41         31
2026-07-27   Mon   10 17 18 19 22 24          6
2026-07-30   Thu    4 28 29 32 34 36          7
2026-08-03   Mon    2  8 10 13 18 21         37
2026-08-06   Thu    3  7  8 11 36 40          4

====================================================
Total: 160 draws
  2025: 101 draws
  2026: 59 draws

Each draw is an independent random event; these results
describe what happened and carry no predictive value.
